function S22 = bound_S202(S003,S011,S012,S101,S102,S110,S111,S201,S210,S300)
%bound_S202
%    S22 = bound_S202(S003,S011,S012,S101,S102,S110,S111,S201,S210,S300)

%    This function was generated by the Symbolic Math Toolbox version 25.1.
%    01-Sep-2025 12:14:51

t2 = S003.*S201;
t3 = S012.*S210;
t4 = S102.*S300;
t5 = S011.^2;
t6 = S101.^2;
t7 = S101.^3;
t8 = S102.^2;
t10 = S110.^2;
t11 = S111.^2;
t12 = S201.^2;
t13 = S003.*S011.*S210;
t14 = S011.*S012.*S201;
t15 = S003.*S101.*S300;
t16 = S101.*S102.*S201;
t17 = S012.*S110.*S300;
t18 = S102.*S110.*S210;
t22 = S011.*S101.*S110.*2.0;
t23 = S011.*S102.*S111.*2.0;
t25 = S110.*S111.*S201.*2.0;
t26 = S003.*S011.*S110.*S300;
t27 = S003.*S101.*S110.*S210;
t28 = S011.*S012.*S101.*S300;
t29 = S011.*S101.*S102.*S210;
t30 = S011.*S102.*S110.*S201;
t31 = S012.*S101.*S110.*S201;
t37 = S011.*S101.*S111.*S201.*2.0;
t39 = S101.*S102.*S110.*S111.*2.0;
t9 = t6.^2;
t19 = -t2;
t20 = -t3;
t21 = -t4;
t24 = t16.*2.0;
t32 = -t6;
t33 = -t8;
t34 = -t11;
t35 = -t12;
t36 = -t22;
t38 = t30.*2.0;
t40 = t2.*t10;
t41 = t3.*t6;
t42 = t4.*t5;
t43 = -t26;
t44 = -t27;
t45 = -t28;
t46 = -t29;
t47 = -t30;
t48 = -t31;
t49 = -t37;
t51 = -t39;
t52 = S011.*S110.*t7.*2.0;
t53 = t5.*t6;
t54 = t6.*t10;
t55 = t5.*t12;
t56 = t6.*t11;
t57 = t8.*t10;
t50 = -t38;
t58 = -t52;
t59 = t5+t6+t10+t36-1.0;
t60 = 1.0./t59;
t61 = t9+t23+t24+t25+t32+t33+t34+t35+t49+t50+t51+t53+t54+t55+t56+t57+t58;
t62 = t13+t14+t15+t16+t17+t18+t19+t20+t21+t40+t41+t42+t43+t44+t45+t46+t47+t48+t59;
t63 = t60.*t61;
t64 = t60.*t62;
S22 = [t64,t63,-t63+t64];
end
