function S22 = bound_S220(S011,S021,S030,S101,S110,S111,S120,S201,S210,S300)
%bound_S220
%    S22 = bound_S220(S011,S021,S030,S101,S110,S111,S120,S201,S210,S300)

%    This function was generated by the Symbolic Math Toolbox version 25.1.
%    01-Sep-2025 12:11:28

t2 = S021.*S201;
t3 = S030.*S210;
t4 = S120.*S300;
t5 = S011.^2;
t6 = S101.^2;
t7 = S110.^2;
t8 = S110.^3;
t9 = S111.^2;
t11 = S120.^2;
t12 = S210.^2;
t13 = S011.*S021.*S210;
t14 = S011.*S030.*S201;
t15 = S021.*S101.*S300;
t16 = S101.*S120.*S201;
t17 = S030.*S110.*S300;
t18 = S110.*S120.*S210;
t22 = S011.*S101.*S110.*2.0;
t23 = S011.*S111.*S120.*2.0;
t24 = S101.*S111.*S210.*2.0;
t26 = S011.*S021.*S110.*S300;
t27 = S011.*S030.*S101.*S300;
t28 = S011.*S101.*S120.*S210;
t29 = S011.*S110.*S120.*S201;
t30 = S021.*S101.*S110.*S210;
t31 = S030.*S101.*S110.*S201;
t38 = S011.*S110.*S111.*S210.*2.0;
t39 = S101.*S110.*S111.*S120.*2.0;
t10 = t7.^2;
t19 = -t2;
t20 = -t3;
t21 = -t4;
t25 = t18.*2.0;
t32 = -t7;
t33 = -t9;
t34 = -t11;
t35 = -t12;
t36 = -t22;
t37 = t28.*2.0;
t40 = t2.*t7;
t41 = t3.*t6;
t42 = t4.*t5;
t43 = -t26;
t44 = -t27;
t45 = -t28;
t46 = -t29;
t47 = -t30;
t48 = -t31;
t50 = -t38;
t51 = -t39;
t52 = S011.*S101.*t8.*2.0;
t53 = t5.*t7;
t54 = t6.*t7;
t55 = t5.*t12;
t56 = t6.*t11;
t57 = t7.*t9;
t49 = -t37;
t58 = -t52;
t59 = t5+t6+t7+t36-1.0;
t60 = 1.0./t59;
t61 = t10+t23+t24+t25+t32+t33+t34+t35+t49+t50+t51+t53+t54+t55+t56+t57+t58;
t62 = t13+t14+t15+t16+t17+t18+t19+t20+t21+t40+t41+t42+t43+t44+t45+t46+t47+t48+t59;
t63 = t60.*t61;
t64 = t60.*t62;
S22 = [t64,t63,-t63+t64];
end
