function M5 = C5toM5(M00,umean,vmean,C20,C11,C02,C30,C21,C12,C03,C40,C31,C22,C13,C04,C50,C41,C32,C23,C14,C05)
%C5toM5
%    M5 = C5toM5(M00,umean,vmean,C20,C11,C02,C30,C21,C12,C03,C40,C31,C22,C13,C04,C50,C41,C32,C23,C14,C05)

%    This function was generated by the Symbolic Math Toolbox version 23.2.
%    06-Dec-2023 16:40:24

t2 = umean.^2;
t3 = umean.^3;
t5 = vmean.^2;
t6 = vmean.^3;
t4 = t2.^2;
t7 = t5.^2;
mt1 = [M00,M00.*umean,M00.*t2+C20.*M00,M00.*t3+C30.*M00+C20.*M00.*umean.*3.0,M00.*t4+C40.*M00+C20.*M00.*t2.*6.0+C30.*M00.*umean.*4.0,M00.*umean.^5+C50.*M00+C20.*M00.*t3.*1.0e+1+C30.*M00.*t2.*1.0e+1+C40.*M00.*umean.*5.0,M00.*vmean,C11.*M00+M00.*umean.*vmean,C21.*M00+C11.*M00.*umean.*2.0+C20.*M00.*vmean+M00.*t2.*vmean,C31.*M00+C11.*M00.*t2.*3.0+C21.*M00.*umean.*3.0+C30.*M00.*vmean+M00.*t3.*vmean+C20.*M00.*umean.*vmean.*3.0,C41.*M00+C11.*M00.*t3.*4.0+C21.*M00.*t2.*6.0+C31.*M00.*umean.*4.0+C40.*M00.*vmean+M00.*t4.*vmean+C20.*M00.*t2.*vmean.*6.0+C30.*M00.*umean.*vmean.*4.0,0.0,M00.*t5+C02.*M00,C12.*M00+C02.*M00.*umean+C11.*M00.*vmean.*2.0+M00.*t5.*umean];
mt2 = [C22.*M00+C02.*M00.*t2+C20.*M00.*t5+C12.*M00.*umean.*2.0+C21.*M00.*vmean.*2.0+M00.*t2.*t5+C11.*M00.*umean.*vmean.*4.0,C32.*M00+C02.*M00.*t3+C12.*M00.*t2.*3.0+C30.*M00.*t5+C22.*M00.*umean.*3.0+C31.*M00.*vmean.*2.0+M00.*t3.*t5+C20.*M00.*t5.*umean.*3.0+C11.*M00.*t2.*vmean.*6.0+C21.*M00.*umean.*vmean.*6.0,0.0,0.0,M00.*t6+C03.*M00+C02.*M00.*vmean.*3.0,C13.*M00+C11.*M00.*t5.*3.0+C03.*M00.*umean+C12.*M00.*vmean.*3.0+M00.*t6.*umean+C02.*M00.*umean.*vmean.*3.0,C23.*M00+C03.*M00.*t2+C20.*M00.*t6+C21.*M00.*t5.*3.0+C13.*M00.*umean.*2.0+C22.*M00.*vmean.*3.0+M00.*t2.*t6+C11.*M00.*t5.*umean.*6.0+C02.*M00.*t2.*vmean.*3.0+C12.*M00.*umean.*vmean.*6.0,0.0,0.0,0.0,M00.*t7+C04.*M00+C02.*M00.*t5.*6.0+C03.*M00.*vmean.*4.0];
mt3 = [C14.*M00+C11.*M00.*t6.*4.0+C12.*M00.*t5.*6.0+C04.*M00.*umean+C13.*M00.*vmean.*4.0+M00.*t7.*umean+C02.*M00.*t5.*umean.*6.0+C03.*M00.*umean.*vmean.*4.0,0.0,0.0,0.0,0.0,M00.*vmean.^5+C05.*M00+C02.*M00.*t6.*1.0e+1+C03.*M00.*t5.*1.0e+1+C04.*M00.*vmean.*5.0,0.0,0.0,0.0,0.0,0.0];
M5 = reshape([mt1,mt2,mt3],6,6);
end
