function C4 = M4toC4(M00,M10,M01,M20,M11,M02,M30,M21,M12,M03,M40,M31,M22,M13,M04)
%M4toC4
%    C4 = C4 = M4toC4(M00,M10,M01,M20,M11,M02,M30,M21,M12,M03,M40,M31,M22,M13,M04)
%
%    This function was generated by the Symbolic Math Toolbox version 23.2.
%    06-Dec-2023 16:27:37

t2 = M01.^2;
t3 = M01.^3;
t4 = M10.^2;
t5 = M10.^3;
t6 = 1.0./M00;
t7 = t6.^2;
t8 = t6.^3;
t9 = t7.^2;
mt1 = [1.0,0.0,M20.*t6-t4.*t7,M30.*t6+t5.*t8.*2.0-M10.*M20.*t7.*3.0,M40.*t6-t4.^2.*t9.*3.0-M10.*M30.*t7.*4.0+M20.*t4.*t8.*6.0,0.0,M11.*t6-M01.*M10.*t7,M21.*t6-M01.*M20.*t7-M10.*M11.*t7.*2.0+M01.*t4.*t8.*2.0,M31.*t6-M01.*M30.*t7-M10.*M21.*t7.*3.0-M01.*t5.*t9.*3.0+M11.*t4.*t8.*3.0+M01.*M10.*M20.*t8.*3.0,0.0,M02.*t6-t2.*t7,M12.*t6-M01.*M11.*t7.*2.0-M02.*M10.*t7+M10.*t2.*t8.*2.0,M22.*t6-M01.*M21.*t7.*2.0-M10.*M12.*t7.*2.0+M02.*t4.*t8+M20.*t2.*t8-t2.*t4.*t9.*3.0+M01.*M10.*M11.*t8.*4.0,0.0,0.0,M03.*t6+t3.*t8.*2.0-M01.*M02.*t7.*3.0];
mt2 = [M13.*t6-M01.*M12.*t7.*3.0-M03.*M10.*t7+M11.*t2.*t8.*3.0-M10.*t3.*t9.*3.0+M01.*M02.*M10.*t8.*3.0,0.0,0.0,0.0,M04.*t6-t2.^2.*t9.*3.0-M01.*M03.*t7.*4.0+M02.*t2.*t8.*6.0,0.0,0.0,0.0,0.0];
C4 = reshape([mt1,mt2],5,5);
end
