function S5 = S5flux(S30,S21,S12,S03,S40,S31,S22,S13,S04)
%S5flux
%    S5 = S5flux(S30,S21,S12,S03,S40,S31,S22,S13,S04)

%    This function was generated by the Symbolic Math Toolbox version 23.2.
%    06-Dec-2023 09:10:29

t2 = S03.*S04;
t3 = S30.*S40;
t4 = S04.*3.0;
t5 = S04.*4.0;
t6 = S04.*5.0;
t7 = S40.*3.0;
t8 = S40.*4.0;
t9 = S40.*5.0;
t10 = S03.^2;
t11 = S03.^3;
t12 = S04.^2;
t14 = S03.^5;
t15 = S30.^2;
t16 = S30.^3;
t18 = S30.^5;
t19 = S40.^2;
t20 = -S04;
t23 = -S40;
t32 = S03.*(2.1e+1./4.0);
t33 = S30.*(2.1e+1./4.0);
t13 = t10.^2;
t17 = t15.^2;
t21 = -t5;
t22 = -t6;
t24 = -t8;
t25 = -t9;
t26 = t2.*1.1e+1;
t27 = t3.*1.1e+1;
t28 = t10.*3.0;
t29 = t15.*3.0;
t34 = t10.*(3.0./2.0);
t35 = t12.*(5.0./2.0);
t37 = t10.*(7.0./4.0);
t38 = t15.*(3.0./2.0);
t40 = t15.*(7.0./4.0);
t41 = t19.*(5.0./2.0);
t46 = t10.*(9.0./4.0);
t50 = t15.*(9.0./4.0);
t52 = S03.*t2.*(3.0./4.0);
t53 = S30.*t3.*(3.0./4.0);
t56 = t14.*(3.3e+1./8.0);
t57 = t18.*(3.3e+1./8.0);
t59 = S04.*t2.*(3.7e+1./4.0);
t61 = S40.*t3.*(3.7e+1./4.0);
t62 = t10+t20+1.0;
t63 = t15+t23+1.0;
t64 = t11.*(7.5e+1./8.0);
t65 = t16.*(7.5e+1./8.0);
t70 = t2.*t10.*(9.9e+1./8.0);
t71 = t3.*t15.*(9.9e+1./8.0);
t30 = -t26;
t31 = -t27;
t36 = t13.*(3.0./4.0);
t39 = t17.*(3.0./4.0);
t42 = -t34;
t43 = -t35;
t45 = -t37;
t47 = -t38;
t49 = -t40;
t51 = -t41;
t54 = -t46;
t55 = -t50;
t58 = -t52;
t60 = -t53;
t68 = t22+t28+1.0;
t69 = t25+t29+1.0;
t72 = 1.0./t62;
t74 = 1.0./t63;
t76 = -t70;
t77 = -t71;
t44 = -t36;
t48 = -t39;
t66 = S04+t42;
t67 = S40+t47;
t73 = t72.^2;
t75 = t74.^2;
t80 = (S03.*t68)./2.0;
t81 = (S30.*t69)./2.0;
t82 = (t10.*t68)./2.0;
t83 = t10.*t68.*(3.0./4.0);
t84 = (t15.*t69)./2.0;
t85 = t15.*t69.*(3.0./4.0);
t94 = t4+t36+t43+t45+t52-3.0./2.0;
t95 = t7+t39+t49+t51+t53-3.0./2.0;
t78 = S04.*t66;
t79 = S40.*t67;
t86 = -t83;
t87 = -t85;
t88 = S03+t2+t80;
t89 = S30+t3+t81;
t90 = t66.*t80;
t91 = t67.*t81;
t96 = S03.*t94.*(3.0./2.0);
t97 = S30.*t95.*(3.0./2.0);
t98 = t21+t35+t37+t44+t58+t82+3.0./2.0;
t99 = t24+t40+t41+t48+t60+t84+3.0./2.0;
t92 = t72.*t88;
t93 = t74.*t89;
t100 = t4+t36+t43+t52+t54+t78+t86-3.0./2.0;
t101 = t7+t39+t51+t53+t55+t79+t87-3.0./2.0;
t102 = S30.*t72.*t74.*t98;
t103 = S03.*t72.*t74.*t99;
t104 = t30+t32+t56+t59+t64+t76+t90+t96;
t105 = t31+t33+t57+t61+t65+t77+t91+t97;
S5 = [-t81,-t103-S21.*(t74.*t99+S30.*t75.*t105+t10.*t72.*t74.*t99)+S22.*t103-S12.*(S30.*t103-S03.*t72.*t81)+S31.*t75.*t105.*(2.0./3.0),S30-t93+S22.*t93+S12.*(S40-S30.*t93)-S03.*S31.*t75.*t101.*(2.0./3.0)+S03.*S21.*S30.*t75.*t101,S03-t92+S22.*t92+S21.*(S04-S03.*t92)-S13.*S30.*t73.*t100.*(2.0./3.0)+S03.*S12.*S30.*t73.*t100,-t102-S12.*(t72.*t98+S03.*t73.*t104+t15.*t72.*t74.*t98)+S22.*t102-S21.*(S03.*t102-S30.*t74.*t80)+S13.*t73.*t104.*(2.0./3.0),-t80];
end
