function S22 = upper_bound_S220(S003,S011,S012,S021,S030,S101,S102,S110,S120,S201,S210,S300)
%upper_bound_S220
%    S22 = upper_bound_S220(S003,S011,S012,S021,S030,S101,S102,S110,S120,S201,S210,S300)

%    This function was generated by the Symbolic Math Toolbox version 25.1.
%    01-Sep-2025 14:53:31

t2 = S011.^2;
t3 = S101.^2;
t4 = S110.^2;
t5 = S011.*S101.*S110.*2.0;
t6 = -t5;
t7 = t2+t3+t4+t6-1.0;
t8 = 1.0./t7;
mt1 = [t8.*(t7-S021.*S201-S030.*S210-S120.*S300+S011.*S021.*S210+S011.*S030.*S201+S021.*S101.*S300+S101.*S120.*S201+S030.*S110.*S300+S110.*S120.*S210+S021.*S201.*t4+S030.*S210.*t3+S120.*S300.*t2-S011.*S021.*S110.*S300-S011.*S030.*S101.*S300-S011.*S101.*S120.*S210-S011.*S110.*S120.*S201-S021.*S101.*S110.*S210-S030.*S101.*S110.*S201),t8.*(t7-S003.*S201-S012.*S210-S102.*S300+S003.*S011.*S210+S011.*S012.*S201+S003.*S101.*S300+S101.*S102.*S201+S012.*S110.*S300+S102.*S110.*S210+S003.*S201.*t4+S012.*S210.*t3+S102.*S300.*t2-S003.*S011.*S110.*S300-S003.*S101.*S110.*S210-S011.*S012.*S101.*S300-S011.*S101.*S102.*S210-S011.*S102.*S110.*S201-S012.*S101.*S110.*S201)];
mt2 = [t8.*(t7-S003.*S021-S012.*S030-S102.*S120+S003.*S011.*S030+S011.*S012.*S021+S003.*S101.*S120+S021.*S101.*S102+S012.*S110.*S120+S030.*S102.*S110+S003.*S021.*t4+S012.*S030.*t3+S102.*S120.*t2-S003.*S011.*S110.*S120-S003.*S030.*S101.*S110-S011.*S012.*S101.*S120-S011.*S021.*S102.*S110-S011.*S030.*S101.*S102-S012.*S021.*S101.*S110)];
S22 = [mt1,mt2];
end
